datetime_of_operation,alpha,temperature,mondrian,image_path,image_name,point_prediction,prediction_set,set_size,Nominal_prob,Defective_prob,nominal_description,defective_description
2025-11-20T21:59:37.152236,0.1,1.0,True,img_0,img_0,Nominal,Nominal,1,0.577,0.423,Nominal: nominal_32,Defective: defective_23
2025-11-20T21:59:37.152236,0.1,1.0,True,img_1,img_1,Defective,Nominal|Defective,2,0.478,0.522,Nominal: nominal_39,Defective: defective_6
2025-11-20T21:59:37.152236,0.1,1.0,True,img_2,img_2,Nominal,Nominal|Defective,2,0.509,0.491,Nominal: nominal_13,Defective: defective_38
2025-11-20T21:59:37.152236,0.1,1.0,True,img_3,img_3,Nominal,Nominal|Defective,2,0.52,0.48,Nominal: nominal_27,Defective: defective_44
2025-11-20T21:59:37.152236,0.1,1.0,True,img_4,img_4,Nominal,Nominal,1,0.565,0.435,Nominal: nominal_16,Defective: defective_48
2025-11-20T21:59:37.152236,0.1,1.0,True,img_5,img_5,Nominal,Nominal,1,0.563,0.437,Nominal: nominal_14,Defective: defective_44
2025-11-20T21:59:37.152236,0.1,1.0,True,img_6,img_6,Nominal,Nominal,1,0.57,0.43,Nominal: nominal_21,Defective: defective_18
2025-11-20T21:59:37.152236,0.1,1.0,True,img_7,img_7,Defective,Nominal|Defective,2,0.49,0.51,Nominal: nominal_27,Defective: defective_43
2025-11-20T21:59:37.152236,0.1,1.0,True,img_8,img_8,Nominal,Nominal,1,0.573,0.427,Nominal: nominal_22,Defective: defective_6
2025-11-20T21:59:37.152236,0.1,1.0,True,img_9,img_9,Nominal,Nominal,1,0.585,0.415,Nominal: nominal_31,Defective: defective_38
2025-11-20T21:59:37.152236,0.1,1.0,True,img_10,img_10,Nominal,Nominal,1,0.698,0.302,Nominal: nominal_14,Defective: defective_1
2025-11-20T21:59:37.152236,0.1,1.0,True,img_11,img_11,Nominal,Nominal,1,0.56,0.44,Nominal: nominal_16,Defective: defective_24
2025-11-20T21:59:37.152236,0.1,1.0,True,img_12,img_12,Nominal,Nominal,1,0.553,0.447,Nominal: nominal_47,Defective: defective_44
2025-11-20T21:59:37.152236,0.1,1.0,True,img_13,img_13,Nominal,Nominal|Defective,2,0.504,0.496,Nominal: nominal_25,Defective: defective_24
2025-11-20T21:59:37.152236,0.1,1.0,True,img_14,img_14,Defective,Defective,1,0.376,0.624,Nominal: nominal_0,Defective: defective_13
2025-11-20T21:59:37.152236,0.1,1.0,True,img_15,img_15,Nominal,Nominal,1,0.576,0.424,Nominal: nominal_12,Defective: defective_6
2025-11-20T21:59:37.152236,0.1,1.0,True,img_16,img_16,Defective,Defective,1,0.462,0.538,Nominal: nominal_12,Defective: defective_6
2025-11-20T21:59:37.152236,0.1,1.0,True,img_17,img_17,Nominal,Nominal,1,0.581,0.419,Nominal: nominal_16,Defective: defective_24
2025-11-20T21:59:37.152236,0.1,1.0,True,img_18,img_18,Nominal,Nominal,1,0.557,0.443,Nominal: nominal_8,Defective: defective_6
2025-11-20T21:59:37.152236,0.1,1.0,True,img_19,img_19,Nominal,Nominal,1,0.558,0.442,Nominal: nominal_9,Defective: defective_48
2025-11-20T21:59:37.152236,0.1,1.0,True,img_20,img_20,Nominal,Nominal|Defective,2,0.516,0.484,Nominal: nominal_34,Defective: defective_49
2025-11-20T21:59:37.152236,0.1,1.0,True,img_21,img_21,Nominal,Nominal|Defective,2,0.54,0.46,Nominal: nominal_40,Defective: defective_24
2025-11-20T21:59:37.152236,0.1,1.0,True,img_22,img_22,Nominal,Nominal|Defective,2,0.539,0.461,Nominal: nominal_10,Defective: defective_48
2025-11-20T21:59:37.152236,0.1,1.0,True,img_23,img_23,Nominal,Nominal,1,0.597,0.403,Nominal: nominal_22,Defective: defective_6
2025-11-20T21:59:37.152236,0.1,1.0,True,img_24,img_24,Nominal,Nominal,1,0.578,0.422,Nominal: nominal_40,Defective: defective_6
2025-11-20T21:59:37.152236,0.1,1.0,True,img_25,img_25,Nominal,Nominal,1,0.58,0.42,Nominal: nominal_14,Defective: defective_2
2025-11-20T21:59:37.152236,0.1,1.0,True,img_26,img_26,Nominal,Nominal,1,0.558,0.442,Nominal: nominal_15,Defective: defective_6
2025-11-20T21:59:37.152236,0.1,1.0,True,img_27,img_27,Defective,Nominal|Defective,2,0.488,0.512,Nominal: nominal_27,Defective: defective_44
2025-11-20T21:59:37.152236,0.1,1.0,True,img_28,img_28,Defective,Nominal|Defective,2,0.494,0.506,Nominal: nominal_21,Defective: defective_24
2025-11-20T21:59:37.152236,0.1,1.0,True,img_29,img_29,Nominal,Nominal|Defective,2,0.534,0.466,Nominal: nominal_5,Defective: defective_11
2025-11-20T21:59:37.152236,0.1,1.0,True,img_30,img_30,Nominal,Nominal|Defective,2,0.512,0.488,Nominal: nominal_4,Defective: defective_23
2025-11-20T21:59:37.152236,0.1,1.0,True,img_31,img_31,Nominal,Nominal,1,0.595,0.405,Nominal: nominal_45,Defective: defective_32
2025-11-20T21:59:37.152236,0.1,1.0,True,img_32,img_32,Nominal,Nominal,1,0.578,0.422,Nominal: nominal_8,Defective: defective_6
2025-11-20T21:59:37.152236,0.1,1.0,True,img_33,img_33,Nominal,Nominal,1,0.623,0.377,Nominal: nominal_43,Defective: defective_24
2025-11-20T21:59:37.152236,0.1,1.0,True,img_34,img_34,Nominal,Nominal,1,0.552,0.448,Nominal: nominal_0,Defective: defective_6
2025-11-20T21:59:37.152236,0.1,1.0,True,img_35,img_35,Nominal,Nominal,1,0.574,0.426,Nominal: nominal_12,Defective: defective_6
2025-11-20T21:59:37.152236,0.1,1.0,True,img_36,img_36,Nominal,Nominal|Defective,2,0.536,0.464,Nominal: nominal_35,Defective: defective_6
2025-11-20T21:59:37.152236,0.1,1.0,True,img_37,img_37,Nominal,Nominal,1,0.617,0.383,Nominal: nominal_13,Defective: defective_9
2025-11-20T21:59:37.152236,0.1,1.0,True,img_38,img_38,Nominal,Nominal,1,0.573,0.427,Nominal: nominal_4,Defective: defective_24
2025-11-20T21:59:37.152236,0.1,1.0,True,img_39,img_39,Nominal,Nominal,1,0.549,0.451,Nominal: nominal_9,Defective: defective_35
2025-11-20T21:59:37.152236,0.1,1.0,True,img_40,img_40,Nominal,Nominal|Defective,2,0.529,0.471,Nominal: nominal_6,Defective: defective_24
2025-11-20T21:59:37.167861,0.1,1.0,True,img_41,img_41,Defective,Nominal|Defective,2,0.485,0.515,Nominal: nominal_13,Defective: defective_38
2025-11-20T21:59:37.167861,0.1,1.0,True,img_42,img_42,Nominal,Nominal|Defective,2,0.534,0.466,Nominal: nominal_21,Defective: defective_24
2025-11-20T21:59:37.167861,0.1,1.0,True,img_43,img_43,Nominal,Nominal|Defective,2,0.531,0.469,Nominal: nominal_40,Defective: defective_6
2025-11-20T21:59:37.167861,0.1,1.0,True,img_44,img_44,Defective,Nominal|Defective,2,0.499,0.501,Nominal: nominal_25,Defective: defective_24
2025-11-20T21:59:37.167861,0.1,1.0,True,img_45,img_45,Nominal,Nominal|Defective,2,0.502,0.498,Nominal: nominal_33,Defective: defective_24
2025-11-20T21:59:37.167861,0.1,1.0,True,img_46,img_46,Nominal,Nominal,1,0.588,0.412,Nominal: nominal_4,Defective: defective_24
2025-11-20T21:59:37.167861,0.1,1.0,True,img_47,img_47,Nominal,Nominal|Defective,2,0.541,0.459,Nominal: nominal_23,Defective: defective_44
2025-11-20T21:59:37.167861,0.1,1.0,True,img_48,img_48,Nominal,Nominal,1,0.58,0.42,Nominal: nominal_29,Defective: defective_9
2025-11-20T21:59:37.167861,0.1,1.0,True,img_49,img_49,Defective,Nominal|Defective,2,0.492,0.508,Nominal: nominal_46,Defective: defective_44
2025-11-20T21:59:37.167861,0.1,1.0,True,img_50,img_50,Nominal,Nominal,1,0.565,0.435,Nominal: nominal_40,Defective: defective_24
2025-11-20T21:59:37.167861,0.1,1.0,True,img_51,img_51,Nominal,Nominal|Defective,2,0.507,0.493,Nominal: nominal_21,Defective: defective_24
2025-11-20T21:59:37.167861,0.1,1.0,True,img_52,img_52,Nominal,Nominal,1,0.572,0.428,Nominal: nominal_28,Defective: defective_3
2025-11-20T21:59:37.167861,0.1,1.0,True,img_53,img_53,Nominal,Nominal,1,0.557,0.443,Nominal: nominal_29,Defective: defective_35
2025-11-20T21:59:37.167861,0.1,1.0,True,img_54,img_54,Nominal,Nominal,1,0.582,0.418,Nominal: nominal_29,Defective: defective_35
2025-11-20T21:59:37.167861,0.1,1.0,True,img_55,img_55,Defective,Nominal|Defective,2,0.495,0.505,Nominal: nominal_42,Defective: defective_10
2025-11-20T21:59:37.167861,0.1,1.0,True,img_56,img_56,Nominal,Nominal|Defective,2,0.543,0.457,Nominal: nominal_0,Defective: defective_24
2025-11-20T21:59:37.167861,0.1,1.0,True,img_57,img_57,Nominal,Nominal,1,0.59,0.41,Nominal: nominal_14,Defective: defective_6
2025-11-20T21:59:37.167861,0.1,1.0,True,img_58,img_58,Nominal,Nominal,1,0.572,0.428,Nominal: nominal_45,Defective: defective_35
2025-11-20T21:59:37.167861,0.1,1.0,True,img_59,img_59,Nominal,Nominal,1,0.602,0.398,Nominal: nominal_29,Defective: defective_3
2025-11-20T21:59:37.167861,0.1,1.0,True,img_60,img_60,Nominal,Nominal|Defective,2,0.546,0.454,Nominal: nominal_5,Defective: defective_44
2025-11-20T21:59:37.167861,0.1,1.0,True,img_61,img_61,Defective,Nominal|Defective,2,0.494,0.506,Nominal: nominal_0,Defective: defective_24
2025-11-20T21:59:37.167861,0.1,1.0,True,img_62,img_62,Nominal,Nominal|Defective,2,0.532,0.468,Nominal: nominal_12,Defective: defective_6
2025-11-20T21:59:37.167861,0.1,1.0,True,img_63,img_63,Nominal,Nominal|Defective,2,0.514,0.486,Nominal: nominal_21,Defective: defective_24
2025-11-20T21:59:37.167861,0.1,1.0,True,img_64,img_64,Nominal,Nominal,1,0.616,0.384,Nominal: nominal_13,Defective: defective_23
2025-11-20T21:59:37.167861,0.1,1.0,True,img_65,img_65,Nominal,Nominal|Defective,2,0.527,0.473,Nominal: nominal_13,Defective: defective_23
2025-11-20T21:59:37.167861,0.1,1.0,True,img_66,img_66,Nominal,Nominal,1,0.646,0.354,Nominal: nominal_32,Defective: defective_24
2025-11-20T21:59:37.167861,0.1,1.0,True,img_67,img_67,Nominal,Nominal|Defective,2,0.529,0.471,Nominal: nominal_35,Defective: defective_6
2025-11-20T21:59:37.167861,0.1,1.0,True,img_68,img_68,Nominal,Nominal|Defective,2,0.532,0.468,Nominal: nominal_20,Defective: defective_40
2025-11-20T21:59:37.167861,0.1,1.0,True,img_69,img_69,Nominal,Nominal|Defective,2,0.543,0.457,Nominal: nominal_16,Defective: defective_24
2025-11-20T21:59:37.167861,0.1,1.0,True,img_70,img_70,Defective,Nominal|Defective,2,0.494,0.506,Nominal: nominal_31,Defective: defective_32
2025-11-20T21:59:37.167861,0.1,1.0,True,img_71,img_71,Nominal,Nominal|Defective,2,0.53,0.47,Nominal: nominal_23,Defective: defective_43
2025-11-20T21:59:37.167861,0.1,1.0,True,img_72,img_72,Nominal,Nominal|Defective,2,0.507,0.493,Nominal: nominal_31,Defective: defective_39
2025-11-20T21:59:37.167861,0.1,1.0,True,img_73,img_73,Defective,Nominal|Defective,2,0.478,0.522,Nominal: nominal_45,Defective: defective_35
2025-11-20T21:59:37.167861,0.1,1.0,True,img_74,img_74,Nominal,Nominal,1,0.61,0.39,Nominal: nominal_22,Defective: defective_6
2025-11-20T21:59:37.167861,0.1,1.0,True,img_75,img_75,Nominal,Nominal,1,0.578,0.422,Nominal: nominal_21,Defective: defective_23
2025-11-20T21:59:37.167861,0.1,1.0,True,img_76,img_76,Nominal,Nominal,1,0.558,0.442,Nominal: nominal_13,Defective: defective_9
2025-11-20T21:59:37.167861,0.1,1.0,True,img_77,img_77,Nominal,Nominal,1,0.585,0.415,Nominal: nominal_39,Defective: defective_6
2025-11-20T21:59:37.167861,0.1,1.0,True,img_78,img_78,Nominal,Nominal|Defective,2,0.513,0.487,Nominal: nominal_21,Defective: defective_24
2025-11-20T21:59:37.167861,0.1,1.0,True,img_79,img_79,Nominal,Nominal,1,0.548,0.452,Nominal: nominal_10,Defective: defective_24
2025-11-20T21:59:37.167861,0.1,1.0,True,img_80,img_80,Nominal,Nominal,1,0.568,0.432,Nominal: nominal_14,Defective: defective_9
2025-11-20T21:59:37.167861,0.1,1.0,True,img_81,img_81,Defective,Nominal|Defective,2,0.487,0.513,Nominal: nominal_4,Defective: defective_23
2025-11-20T21:59:37.167861,0.1,1.0,True,img_82,img_82,Nominal,Nominal,1,0.558,0.442,Nominal: nominal_28,Defective: defective_9
2025-11-20T21:59:37.167861,0.1,1.0,True,img_83,img_83,Nominal,Nominal,1,0.557,0.443,Nominal: nominal_39,Defective: defective_6
2025-11-20T21:59:37.167861,0.1,1.0,True,img_84,img_84,Defective,Nominal|Defective,2,0.496,0.504,Nominal: nominal_25,Defective: defective_18
2025-11-20T21:59:37.167861,0.1,1.0,True,img_85,img_85,Nominal,Nominal,1,0.572,0.428,Nominal: nominal_3,Defective: defective_35
2025-11-20T21:59:37.167861,0.1,1.0,True,img_86,img_86,Nominal,Nominal|Defective,2,0.527,0.473,Nominal: nominal_21,Defective: defective_24
2025-11-20T21:59:37.167861,0.1,1.0,True,img_87,img_87,Nominal,Nominal,1,0.555,0.445,Nominal: nominal_11,Defective: defective_43
2025-11-20T21:59:37.167861,0.1,1.0,True,img_88,img_88,Nominal,Nominal,1,0.566,0.434,Nominal: nominal_8,Defective: defective_1
2025-11-20T21:59:37.167861,0.1,1.0,True,img_89,img_89,Nominal,Nominal|Defective,2,0.511,0.489,Nominal: nominal_4,Defective: defective_23
2025-11-20T21:59:37.167861,0.1,1.0,True,img_90,img_90,Nominal,Nominal|Defective,2,0.518,0.482,Nominal: nominal_7,Defective: defective_24
2025-11-20T21:59:37.167861,0.1,1.0,True,img_91,img_91,Nominal,Nominal|Defective,2,0.546,0.454,Nominal: nominal_21,Defective: defective_18
2025-11-20T21:59:37.167861,0.1,1.0,True,img_92,img_92,Nominal,Nominal,1,0.575,0.425,Nominal: nominal_7,Defective: defective_48
2025-11-20T21:59:37.167861,0.1,1.0,True,img_93,img_93,Defective,Defective,1,0.461,0.539,Nominal: nominal_38,Defective: defective_9
2025-11-20T21:59:37.167861,0.1,1.0,True,img_94,img_94,Nominal,Nominal,1,0.555,0.445,Nominal: nominal_40,Defective: defective_6
2025-11-20T21:59:37.167861,0.1,1.0,True,img_95,img_95,Nominal,Nominal|Defective,2,0.513,0.487,Nominal: nominal_32,Defective: defective_6
2025-11-20T21:59:37.167861,0.1,1.0,True,img_96,img_96,Nominal,Nominal,1,0.606,0.394,Nominal: nominal_32,Defective: defective_46
2025-11-20T21:59:37.167861,0.1,1.0,True,img_97,img_97,Nominal,Nominal|Defective,2,0.543,0.457,Nominal: nominal_47,Defective: defective_44
2025-11-20T21:59:37.167861,0.1,1.0,True,img_98,img_98,Nominal,Nominal|Defective,2,0.511,0.489,Nominal: nominal_8,Defective: defective_6
2025-11-20T21:59:37.167861,0.1,1.0,True,img_99,img_99,Nominal,Nominal|Defective,2,0.52,0.48,Nominal: nominal_12,Defective: defective_24
2025-11-20T21:59:37.167861,0.1,1.0,True,img_100,img_100,Nominal,Nominal|Defective,2,0.52,0.48,Nominal: nominal_25,Defective: defective_24
2025-11-20T21:59:37.167861,0.1,1.0,True,img_101,img_101,Nominal,Nominal|Defective,2,0.524,0.476,Nominal: nominal_3,Defective: defective_14
2025-11-20T21:59:37.167861,0.1,1.0,True,img_102,img_102,Defective,Nominal|Defective,2,0.482,0.518,Nominal: nominal_28,Defective: defective_27
2025-11-20T21:59:37.167861,0.1,1.0,True,img_103,img_103,Nominal,Nominal|Defective,2,0.506,0.494,Nominal: nominal_21,Defective: defective_18
2025-11-20T21:59:37.167861,0.1,1.0,True,img_104,img_104,Defective,Nominal|Defective,2,0.484,0.516,Nominal: nominal_26,Defective: defective_24
2025-11-20T21:59:37.167861,0.1,1.0,True,img_105,img_105,Defective,Defective,1,0.432,0.568,Nominal: nominal_12,Defective: defective_24
2025-11-20T21:59:37.167861,0.1,1.0,True,img_106,img_106,Nominal,Nominal|Defective,2,0.523,0.477,Nominal: nominal_15,Defective: defective_6
2025-11-20T21:59:37.167861,0.1,1.0,True,img_107,img_107,Nominal,Nominal|Defective,2,0.526,0.474,Nominal: nominal_3,Defective: defective_35
2025-11-20T21:59:37.167861,0.1,1.0,True,img_108,img_108,Nominal,Nominal|Defective,2,0.52,0.48,Nominal: nominal_0,Defective: defective_17
2025-11-20T21:59:37.167861,0.1,1.0,True,img_109,img_109,Defective,Nominal|Defective,2,0.474,0.526,Nominal: nominal_39,Defective: defective_35
2025-11-20T21:59:37.167861,0.1,1.0,True,img_110,img_110,Defective,Nominal|Defective,2,0.492,0.508,Nominal: nominal_0,Defective: defective_22
2025-11-20T21:59:37.167861,0.1,1.0,True,img_111,img_111,Defective,Defective,1,0.362,0.638,Nominal: nominal_36,Defective: defective_13
2025-11-20T21:59:37.167861,0.1,1.0,True,img_112,img_112,Defective,Nominal|Defective,2,0.497,0.503,Nominal: nominal_30,Defective: defective_37
2025-11-20T21:59:37.167861,0.1,1.0,True,img_113,img_113,Nominal,Nominal,1,0.557,0.443,Nominal: nominal_18,Defective: defective_23
2025-11-20T21:59:37.167861,0.1,1.0,True,img_114,img_114,Defective,Nominal|Defective,2,0.495,0.505,Nominal: nominal_25,Defective: defective_24
2025-11-20T21:59:37.167861,0.1,1.0,True,img_115,img_115,Defective,Defective,1,0.441,0.559,Nominal: nominal_15,Defective: defective_29
2025-11-20T21:59:37.167861,0.1,1.0,True,img_116,img_116,Defective,Defective,1,0.397,0.603,Nominal: nominal_47,Defective: defective_20
2025-11-20T21:59:37.167861,0.1,1.0,True,img_117,img_117,Nominal,Nominal|Defective,2,0.531,0.469,Nominal: nominal_15,Defective: defective_6
2025-11-20T21:59:37.167861,0.1,1.0,True,img_118,img_118,Defective,Nominal|Defective,2,0.48,0.52,Nominal: nominal_15,Defective: defective_20
2025-11-20T21:59:37.167861,0.1,1.0,True,img_119,img_119,Nominal,Nominal|Defective,2,0.515,0.485,Nominal: nominal_25,Defective: defective_18
2025-11-20T21:59:37.167861,0.1,1.0,True,img_120,img_120,Defective,Defective,1,0.457,0.543,Nominal: nominal_0,Defective: defective_22
2025-11-20T21:59:37.167861,0.1,1.0,True,img_121,img_121,Defective,Defective,1,0.456,0.544,Nominal: nominal_13,Defective: defective_9
2025-11-20T21:59:37.167861,0.1,1.0,True,img_122,img_122,Nominal,Nominal|Defective,2,0.51,0.49,Nominal: nominal_28,Defective: defective_9
2025-11-20T21:59:37.167861,0.1,1.0,True,img_123,img_123,Defective,Defective,1,0.432,0.568,Nominal: nominal_20,Defective: defective_37
2025-11-20T21:59:37.167861,0.1,1.0,True,img_124,img_124,Defective,Nominal|Defective,2,0.494,0.506,Nominal: nominal_27,Defective: defective_44
2025-11-20T21:59:37.167861,0.1,1.0,True,img_125,img_125,Defective,Defective,1,0.384,0.616,Nominal: nominal_36,Defective: defective_21
2025-11-20T21:59:37.167861,0.1,1.0,True,img_126,img_126,Defective,Nominal|Defective,2,0.485,0.515,Nominal: nominal_15,Defective: defective_1
2025-11-20T21:59:37.167861,0.1,1.0,True,img_127,img_127,Nominal,Nominal|Defective,2,0.5,0.5,Nominal: nominal_18,Defective: defective_23
2025-11-20T21:59:37.167861,0.1,1.0,True,img_128,img_128,Defective,Nominal|Defective,2,0.486,0.514,Nominal: nominal_46,Defective: defective_26
2025-11-20T21:59:37.167861,0.1,1.0,True,img_129,img_129,Defective,Defective,1,0.448,0.552,Nominal: nominal_28,Defective: defective_32
2025-11-20T21:59:37.167861,0.1,1.0,True,img_130,img_130,Defective,Nominal|Defective,2,0.49,0.51,Nominal: nominal_12,Defective: defective_44
2025-11-20T21:59:37.167861,0.1,1.0,True,img_131,img_131,Nominal,Nominal|Defective,2,0.509,0.491,Nominal: nominal_30,Defective: defective_37
2025-11-20T21:59:37.167861,0.1,1.0,True,img_132,img_132,Defective,Nominal|Defective,2,0.493,0.507,Nominal: nominal_29,Defective: defective_9
2025-11-20T21:59:37.167861,0.1,1.0,True,img_133,img_133,Defective,Nominal|Defective,2,0.484,0.516,Nominal: nominal_36,Defective: defective_5
2025-11-20T21:59:37.167861,0.1,1.0,True,img_134,img_134,Defective,Defective,1,0.467,0.533,Nominal: nominal_30,Defective: defective_14
2025-11-20T21:59:37.167861,0.1,1.0,True,img_135,img_135,Defective,Defective,1,0.398,0.602,Nominal: nominal_15,Defective: defective_20
2025-11-20T21:59:37.167861,0.1,1.0,True,img_136,img_136,Defective,Defective,1,0.412,0.588,Nominal: nominal_0,Defective: defective_21
2025-11-20T21:59:37.167861,0.1,1.0,True,img_137,img_137,Defective,Defective,1,0.433,0.567,Nominal: nominal_27,Defective: defective_43
2025-11-20T21:59:37.167861,0.1,1.0,True,img_138,img_138,Defective,Defective,1,0.418,0.582,Nominal: nominal_36,Defective: defective_5
2025-11-20T21:59:37.167861,0.1,1.0,True,img_139,img_139,Nominal,Nominal|Defective,2,0.544,0.456,Nominal: nominal_15,Defective: defective_20
2025-11-20T21:59:37.167861,0.1,1.0,True,img_140,img_140,Defective,Defective,1,0.441,0.559,Nominal: nominal_13,Defective: defective_9
2025-11-20T21:59:37.167861,0.1,1.0,True,img_141,img_141,Nominal,Nominal|Defective,2,0.544,0.456,Nominal: nominal_33,Defective: defective_10
2025-11-20T21:59:37.167861,0.1,1.0,True,img_142,img_142,Defective,Defective,1,0.469,0.531,Nominal: nominal_29,Defective: defective_1
2025-11-20T21:59:37.167861,0.1,1.0,True,img_143,img_143,Nominal,Nominal|Defective,2,0.516,0.484,Nominal: nominal_33,Defective: defective_21
2025-11-20T21:59:37.167861,0.1,1.0,True,img_144,img_144,Defective,Defective,1,0.449,0.551,Nominal: nominal_47,Defective: defective_13
2025-11-20T21:59:37.167861,0.1,1.0,True,img_145,img_145,Defective,Defective,1,0.4,0.6,Nominal: nominal_33,Defective: defective_22
2025-11-20T21:59:37.167861,0.1,1.0,True,img_146,img_146,Defective,Defective,1,0.443,0.557,Nominal: nominal_36,Defective: defective_22
2025-11-20T21:59:37.167861,0.1,1.0,True,img_147,img_147,Defective,Defective,1,0.45,0.55,Nominal: nominal_37,Defective: defective_49
2025-11-20T21:59:37.167861,0.1,1.0,True,img_148,img_148,Defective,Defective,1,0.424,0.576,Nominal: nominal_13,Defective: defective_38
2025-11-20T21:59:37.167861,0.1,1.0,True,img_149,img_149,Defective,Defective,1,0.381,0.619,Nominal: nominal_36,Defective: defective_10
2025-11-20T21:59:37.167861,0.1,1.0,True,img_150,img_150,Defective,Defective,1,0.41,0.59,Nominal: nominal_33,Defective: defective_32
2025-11-20T21:59:37.167861,0.1,1.0,True,img_151,img_151,Defective,Defective,1,0.451,0.549,Nominal: nominal_28,Defective: defective_32
2025-11-20T21:59:37.167861,0.1,1.0,True,img_152,img_152,Nominal,Nominal|Defective,2,0.509,0.491,Nominal: nominal_27,Defective: defective_44
2025-11-20T21:59:37.167861,0.1,1.0,True,img_153,img_153,Defective,Defective,1,0.465,0.535,Nominal: nominal_27,Defective: defective_43
2025-11-20T21:59:37.167861,0.1,1.0,True,img_154,img_154,Defective,Defective,1,0.38,0.62,Nominal: nominal_13,Defective: defective_38
2025-11-20T21:59:37.167861,0.1,1.0,True,img_155,img_155,Defective,Defective,1,0.449,0.551,Nominal: nominal_13,Defective: defective_38
2025-11-20T21:59:37.167861,0.1,1.0,True,img_156,img_156,Defective,Defective,1,0.398,0.602,Nominal: nominal_20,Defective: defective_32
2025-11-20T21:59:37.167861,0.1,1.0,True,img_157,img_157,Defective,Nominal|Defective,2,0.484,0.516,Nominal: nominal_21,Defective: defective_24
2025-11-20T21:59:37.167861,0.1,1.0,True,img_158,img_158,Nominal,Nominal|Defective,2,0.501,0.499,Nominal: nominal_25,Defective: defective_24
2025-11-20T21:59:37.167861,0.1,1.0,True,img_159,img_159,Defective,Defective,1,0.43,0.57,Nominal: nominal_13,Defective: defective_32
2025-11-20T21:59:37.167861,0.1,1.0,True,img_160,img_160,Nominal,Nominal,1,0.568,0.432,Nominal: nominal_13,Defective: defective_15
2025-11-20T21:59:37.167861,0.1,1.0,True,img_161,img_161,Defective,Defective,1,0.397,0.603,Nominal: nominal_20,Defective: defective_32
2025-11-20T21:59:37.167861,0.1,1.0,True,img_162,img_162,Nominal,Nominal|Defective,2,0.542,0.458,Nominal: nominal_21,Defective: defective_24
2025-11-20T21:59:37.167861,0.1,1.0,True,img_163,img_163,Nominal,Nominal|Defective,2,0.505,0.495,Nominal: nominal_28,Defective: defective_32
2025-11-20T21:59:37.167861,0.1,1.0,True,img_164,img_164,Defective,Defective,1,0.464,0.536,Nominal: nominal_20,Defective: defective_32
2025-11-20T21:59:37.167861,0.1,1.0,True,img_165,img_165,Defective,Defective,1,0.38,0.62,Nominal: nominal_31,Defective: defective_39
2025-11-20T21:59:37.167861,0.1,1.0,True,img_166,img_166,Defective,Defective,1,0.422,0.578,Nominal: nominal_13,Defective: defective_32
2025-11-20T21:59:37.167861,0.1,1.0,True,img_167,img_167,Nominal,Nominal|Defective,2,0.522,0.478,Nominal: nominal_28,Defective: defective_32
2025-11-20T21:59:37.167861,0.1,1.0,True,img_168,img_168,Defective,Defective,1,0.471,0.529,Nominal: nominal_31,Defective: defective_37
2025-11-20T21:59:37.167861,0.1,1.0,True,img_169,img_169,Defective,Defective,1,0.467,0.533,Nominal: nominal_33,Defective: defective_27
2025-11-20T21:59:37.167861,0.1,1.0,True,img_170,img_170,Defective,Defective,1,0.438,0.562,Nominal: nominal_20,Defective: defective_32
2025-11-20T21:59:37.167861,0.1,1.0,True,img_171,img_171,Nominal,Nominal|Defective,2,0.535,0.465,Nominal: nominal_22,Defective: defective_6
2025-11-20T21:59:37.183486,0.1,1.0,True,img_172,img_172,Defective,Defective,1,0.399,0.601,Nominal: nominal_3,Defective: defective_32
2025-11-20T21:59:37.183486,0.1,1.0,True,img_173,img_173,Nominal,Nominal|Defective,2,0.513,0.487,Nominal: nominal_5,Defective: defective_6
2025-11-20T21:59:37.183486,0.1,1.0,True,img_174,img_174,Defective,Defective,1,0.387,0.613,Nominal: nominal_31,Defective: defective_33
2025-11-20T21:59:37.183486,0.1,1.0,True,img_175,img_175,Defective,Defective,1,0.292,0.708,Nominal: nominal_31,Defective: defective_33
2025-11-20T21:59:37.183486,0.1,1.0,True,img_176,img_176,Defective,Defective,1,0.457,0.543,Nominal: nominal_0,Defective: defective_24
2025-11-20T21:59:37.183486,0.1,1.0,True,img_177,img_177,Defective,Nominal|Defective,2,0.476,0.524,Nominal: nominal_39,Defective: defective_4
2025-11-20T21:59:37.183486,0.1,1.0,True,img_178,img_178,Defective,Defective,1,0.441,0.559,Nominal: nominal_47,Defective: defective_48
2025-11-20T21:59:37.184491,0.1,1.0,True,img_179,img_179,Nominal,Nominal|Defective,2,0.524,0.476,Nominal: nominal_21,Defective: defective_18
2025-11-20T21:59:37.184491,0.1,1.0,True,img_180,img_180,Defective,Nominal|Defective,2,0.48,0.52,Nominal: nominal_20,Defective: defective_32
2025-11-20T21:59:37.184491,0.1,1.0,True,img_181,img_181,Defective,Defective,1,0.33,0.67,Nominal: nominal_13,Defective: defective_37
2025-11-20T21:59:37.184491,0.1,1.0,True,img_182,img_182,Defective,Defective,1,0.451,0.549,Nominal: nominal_10,Defective: defective_32
2025-11-20T21:59:37.184491,0.1,1.0,True,img_183,img_183,Defective,Defective,1,0.421,0.579,Nominal: nominal_33,Defective: defective_37
2025-11-20T21:59:37.184491,0.1,1.0,True,img_184,img_184,Nominal,Nominal|Defective,2,0.543,0.457,Nominal: nominal_29,Defective: defective_9
2025-11-20T21:59:37.184491,0.1,1.0,True,img_185,img_185,Nominal,Nominal|Defective,2,0.53,0.47,Nominal: nominal_28,Defective: defective_9
2025-11-20T21:59:37.184491,0.1,1.0,True,img_186,img_186,Nominal,Nominal,1,0.56,0.44,Nominal: nominal_13,Defective: defective_1
2025-11-20T21:59:37.184491,0.1,1.0,True,img_187,img_187,Defective,Defective,1,0.415,0.585,Nominal: nominal_31,Defective: defective_39
2025-11-20T21:59:37.184491,0.1,1.0,True,img_188,img_188,Defective,Defective,1,0.407,0.593,Nominal: nominal_29,Defective: defective_15
2025-11-20T21:59:37.184491,0.1,1.0,True,img_189,img_189,Nominal,Nominal|Defective,2,0.528,0.472,Nominal: nominal_37,Defective: defective_49
2025-11-20T21:59:37.184491,0.1,1.0,True,img_190,img_190,Defective,Defective,1,0.328,0.672,Nominal: nominal_8,Defective: defective_37
2025-11-20T21:59:37.184491,0.1,1.0,True,img_191,img_191,Nominal,Nominal,1,0.583,0.417,Nominal: nominal_28,Defective: defective_3
2025-11-20T21:59:37.184491,0.1,1.0,True,img_192,img_192,Defective,Nominal|Defective,2,0.493,0.507,Nominal: nominal_13,Defective: defective_38
2025-11-20T21:59:37.184491,0.1,1.0,True,img_193,img_193,Defective,Defective,1,0.401,0.599,Nominal: nominal_15,Defective: defective_41
2025-11-20T21:59:37.184491,0.1,1.0,True,img_194,img_194,Defective,Nominal|Defective,2,0.489,0.511,Nominal: nominal_13,Defective: defective_9
2025-11-20T21:59:37.184491,0.1,1.0,True,img_195,img_195,Defective,Defective,1,0.436,0.564,Nominal: nominal_33,Defective: defective_38
2025-11-20T21:59:37.184491,0.1,1.0,True,img_196,img_196,Nominal,Nominal|Defective,2,0.535,0.465,Nominal: nominal_46,Defective: defective_44
2025-11-20T21:59:37.184491,0.1,1.0,True,img_197,img_197,Nominal,Nominal|Defective,2,0.528,0.472,Nominal: nominal_25,Defective: defective_18
2025-11-20T21:59:37.184491,0.1,1.0,True,img_198,img_198,Defective,Nominal|Defective,2,0.486,0.514,Nominal: nominal_36,Defective: defective_5
2025-11-20T21:59:37.184491,0.1,1.0,True,img_199,img_199,Defective,Defective,1,0.379,0.621,Nominal: nominal_3,Defective: defective_35
